function [ThermistorCoordinates] = thermistorcoordinates()
%UNTITLED Summary of this function goes here
%   Detailed explanation goes here
ThermistorCoordinates = [   0,    4 ;...  T1
                            4,    0 ;...  T2
                            0,   -4 ;...  T3
                           -4,    0 ;...  T4
                            0,    8 ;...  T5
                            8,    0 ;...  T6
                            0,   -8 ;...  T7
                           -8,    0 ;...  T8
                            0,   12 ;...  T9
                          8.5,  8.5 ;...  T10
                           12,    0 ;...  T11
                          8.5, -8.5 ;...  T12
                            0,  -12 ;...  T13
                         -8.5, -8.5 ;...  T14
                          -12,    0 ;...  T15
                         -8.5,  8.5 ;...  T16
                            0,   16 ;...  T17
                         11.3, 11.3 ;...  T18
                           16,    0 ;...  T19
                         11.3,-11.3 ;...  T20
                            0,  -16 ;...  T21
                        -11.3,-11.3 ;...  T22
                          -16,    0 ;...  T23
                        -11.3, 11.3 ;...  T24
                         -4.2,  4.2 ;...  T25
                          4.2,  4.2 ;...  T26
                          4.2, -4.2 ;...  T27
                         -4.2, -4.2 ;...  T28
                         -3.8,  9.2 ;...  T29
                          3.8,  9.2 ;...  T30
                          9.2,  3.8 ;...  T31
                          9.2, -3.8 ;...  T32
                          3.8, -9.2 ;...  T33
                         -3.8, -9.2 ;...  T34
                         -9.2, -3.8 ;...  T35
                         -9.2,  3.8 ;...  T36
                         -5.4, 12.9 ;...  T37
                          5.4, 12.9 ;...  T38
                         12.9,  5.4 ;...  T39
                         12.9, -5.4 ;...  T40
                          5.4,-12.9 ;...  T41
                         -5.4,-12.9 ;...  T42
                        -12.9, -5.4 ;...  T43
                        -12.9,  5.4 ;...  T44
                         -6.9, 16.6 ;...  T45
                          6.9, 16.6 ;...  T46
                          6.9,-16.6 ;...  T47
                         -6.9,-16.6  ];  %T48
end

